004
020
024
031
032
036
040
044
048
050
051
056
064
068
070
072
076
084
100
100 copy
104
108
112
112 copy
116
116 copy
12
120
124
124 copy
132
140
144
148
152
156
158
170
174
178
180
188
191
191 copy
192
196
196 copy
20
20 copy
203
203 copy
204
208
208 copy
214
218
222
226
231
232
233
233 copy
24
246
246 copy
250
250 copy
254
262
266
270
275
276
276 copy
288
300
300 copy
304
304 copy
31
32
320
324
328
332
334
340
348
348 copy
352
352 copy
356
360
360 copy
364
368
372
372 copy
376
380
380 copy
384
388
392
398
4
40
40 copy
400
404
408
410
414
417
417 copy
418
422
426
428
428 copy
430
434
438
438 copy
44
440
440 copy
442
442 copy
450
454
458
458 copy
466
470
470 copy
478
48
480
484
484 copy
492
492 copy
496
498
498 copy
499
499 copy
50
504
508
51
512
516
524
528
528 copy
554
558
56
56 copy
562
566
578
578 copy
586
591
598
600
604
608
608 copy
616
616 copy
620
620 copy
626
630
634
64
642
642 copy
643
643 copy
646
654
678
68
682
686
688
688 copy
690
694
70
70 copy
703
703 copy
704
704 copy
705
705 copy
706
710
716
72
724
724 copy
728
729
740
748
752
752 copy
756
756 copy
76
760
762
764
764 copy
768
784
788
792
792 copy
795
8
8 copy
800
804
804 copy
807
807 copy
818
826
826 copy
834
84
840
840 copy
854
858
860
862
887
894
